Case #1: 38 32 28 23 18 14 5 3 24 23 15 26 26 43 38 34 32 28 19 18 23 23 45 42 38 37 36 35 29 34 29 27 26 24 39 38 34 29 26 27 26 48 29 22 36 31 30 25 47 45 43 36 35 33 32 31 29 17 32 29 22 19 22 36 34 25 23 30 19 15
Case #2: 1 23 22 21 20 19 18 17 16 15 14 13 12 11 10 9 8 7 6 4 3 2 2 3 6 21 22 21 20 19 18 17 16 15 14 13 12 11 10 9 8 7 6 5 4 3 7 18 23 22 22 21 20 19 18 17 16 15 14 18 17 16 15 14 13 12 11 10 9 8 1 3 2 13 16 16 15 14 15 14 13 13 12 12 11 10 9 8 7 6 5 4 3 2
Case #3: 3 13 16 9 27 40 35 31 29 24 39 38 13 20 19 28 28 19
Case #4: 23 18 17 16 11 8 10 24 20 15 14 4 19 15 7 1 15 17 15 12 5 13 19 7 20 17 4 5 4 24 23 18 6 23 22 23 22 19 18 11 22 19 9 21 26 14 3 20 11 25 23 17 9
Case #5: 3 2 15 18 19 19 18 16 12 11 10 9 8 6 5 4
Case #6: 26 45 30 46 36 35 28 27 28 29 26 25 12 27 38 36 30 28 28 49 41 40 35 31 30 31 45 39 30 29 36 31 30 24 22 21 20 35 22 18 43 37 30 20 24 19 17 16 14 22 26 14 39 38 35 34 25 21 20 23 22 20 19 17 13 43 41 40 34 33 25 13 12 5 25 24 7 4 47 44 39 38 34 33 30
Case #7: 27 26 22 24 22 20 12 6 8 17 18 17 15 24 23 21 21 18 16 15 11 9 20 17 15 15 10 9 8 6 5 5 24 21 17 16 12 9 8 26 24 29 28 26 20 10 24 21 26 22 20 19 25 23 22 15 10 9 27 26 27 47 45 43 42 39 38 37 35 29 22 21 20 19 18 20 18 14 8 7 25 20 38 35 30 28 22 25 23 30 28 37 29 25 10 28 20 16 13 12
Case #8: 49 48 55 54 27 45 41 37 28 42 39 36 33 31 30 53 70 63 41 39 30 27 26 4 22 18 14 7 67 56 55 68 64 56 55 50 61 58 53 71 89 83 80 76 75 72 36 56 54 50 48 46 27 49 37 36 35 31 30 -1 -1 -1 59 60 54 -1 -1 -1 -1 -1 -1 -1 -1 49 44 43 41 39 27 49 48 44 39 30
Case #9: 24 11 8 7 11 21 19 16 8 4 28 30 25 20 18 17 15 7 19 4 3 17 15 12 7 24 23 21 19 16 22 16 14 23 22 27 17 11
Case #10: 23 16 33 26 20 27 42 36 33 24 22 6 10 22 12 25 26 17 35 26 24 24 27 25 24 12
Case #11: 26 25 21 18 15 8 7 6 49 48 40 38 36 35 31 30 23 26 25 22 16 15 12 10 24 23 22 16 14 13 12 7 26 25 43 34 30 29 27 43 41 40 36 32 29 32 43 40 39 33 32 28 27 22 23 23 22 15 7 5 4 48 43 37 36 35 33 32 16 36 34 24 21 20 19 18 27 46 43 41 39 35 34 32 31 20 28 27 23 18 13
Case #12: 21 11 26 28 25 37 27 30 30 31 36 31 35 42 17 5 18 32 31 32 25 24 28 14 43 26 20 18 15 7 22 13
Case #13: 42 41 37 35 9 30 21 14 13 24 30 21 8 17 25 22 11 9 25 26 22 19 15 12 5 2 27 23 19 18 16 10 24 25 35 31 28 25 34 28 25
Case #14: 22 19 11 10 4 39 37 34 25 22 19 26 22 16 2 29 22 19 30 27 20 11
Case #15: -1 -1 -1 -1 -1 -1 -1 25 42 38 37 32 30 27 66 61 59 58 54 53 57 75 71 66 59 53 73 71 69 63 60 59 24 22 20 15 10 118 112 103 -1 -1 -1 -1 98 97 83 81 11 68 67 45 42 40 36 35 31 30 62 50 41 63 61 -1 -1 -1 -1 -1 -1 -1 78 75 73 72 66 61 60
Case #16: 21 15 9 7 23 20 16 15 14 13 9 8 4 19 14 11 10 7 6 39 35 32 24 19 17 16 14 13 12 13 22 12 23 22 21 27 22 20 19 14 13 11 25 43 37 33 32 27 25 23 42 40 39 38 34 31 29 23 28 15 24 39 35 31 30 25 24 29 27 20 18 23 22 43 36 35 31 29 25 41 39 38 33 32 29 8 15 23 23 19 16 15 24 27 33 30 28 17 22 18
Case #17: 71 69 63 59 52 50 74 75 80 12 16 9 -1 -1 47 56 30 44 42 40 38 68 44 31 77 66 65 62 -1 41 59 42 19 18 9
Case #18: 27 26 22 18 15 22 18 16 8 7 16 20 11 22 21 19 23 16 9 13 18 14 15 24 25 23 24 34 33 31 29 28 33 30 28 24 23 19 7 21 32 26 20 8 22 24 16 9 9 26 24 11 41 40
Case #19: 22 18 14 9 7 23 30 29 5 23 21 20 8 14 21 21 9 26 21 13 11 27 25 23 33 21 18 16 28 25 21 20 30 26 21 19 12 26 14 11 47 39 38 27 38 32 29 27
Case #20: 2 5 22 22 21 20 19 18 17 16 15 14 13 11 9 8 7 6 5 4 3 4 20 20 20 21 21 21 20 19 17 16 15 14 13 12 10 9 8 7 3 9 17 22 21 20 18 17 16 14 13 11 10 8 7 6 4
Case #21: 30 27 44 36 105 103 123 115 114 112 123 122 143 137 136 130 127 96 89 88 86 -1 -1 -1 -1 147 146 167 101 120 110 108 105 129 128 142 104 100 123 120 114 111 49 47 68 63 59 54 52 74 71 70 63 61 60 59 124 143 140 139 136 134 133 132 -1 -1 -1 -1 79 75 90 86 83 81 76 75 83 20 20 19 12 10 9 7 4 97 88 86 82 81 -1 -1 -1 -1 -1 -1 -1
Case #22: 6 15 23 22 21 24 22 21 20 19 18 17 16 15 14 13 10 9 8 7 23 22 21 20 19 18 16 15 14 12 11 10 9 7 6 4 3 25 32 30 29 28 42 41 40 38 36 34 33 31 30 29 26 9 25 25 29 27 26 24 22 20 19 18 16 15 12 11 10 9 9 15 18 25 25 24 23 22 21 19 18 17 16 15 14 11 10
Case #23: 31 41 37 27 14 139 125 105 77 43 52 27 15 19 40 53 96
Case #24: 18 17 16 13 7 20 20 17 7 6 3 13 10 28 27 25 22 21 17 10 16 23 23 22 17 16 13 15 16 19 13 5 4 22 20 17 12 22 39 37 23 41 36 35 34 31 29 28 27 26 9 15 27 27 11 27 28 19 18
Case #25: 24 20 19 43 41 33 25 35 35 34 41 40 37 29 26 43 41 33 27 3 21 11 8 7 4 14 15 18 16 10 9 8 21 18 12 27 26 37 30 37 31 30
Case #26: 24 17 16 12 8 10 20 23 23 20 16 11 26 25 23 19 30 29 19 17 15 14 4 3 10 24 18 10 7
Case #27: 9 22 26 15 14 13 21 20 17 16 9 1 9 7 5 25 23 22 24 22 15 8 12 15 28 14 20 37 33 32 30 29 23 7 27 16 14 12 29 12 10 22 20 17 16 15 10 7 6
Case #28: -1 -1 -1 -1 -1 -1 -1 67 93 40 34 26 18 78 92 90 87 86 89 86 83 81 69 67 82 74 70 -1 -1 -1 94 75 72 89 50 47 58 57 -1 -1
Case #29: 18 24 23 22 21 20 19 18 15 14 11 8 7 5 4 6 24 23 24 23 22 20 19 17 16 13 12 9 8 7
Case #30: 15 22 27 26 25 23 19 16 15 14 13 12 10 1 18 21 19 17 15 13 11 9 4 3 2 10 26 28 27 26 26 25 24 23 21 20 19 18 16 14 12
Case #31: 4 21 20 19 18 17 15 17 15 13 12 10 9 8 7 6 3 3 12 13 12 13 12 12 15 15 14 13 12 11 10 9 6 5 10 26 31 29 26 25 24 23 22 18 15 14 13
Case #32: 2 15 19 19 21 21 20 19 18 17 16 15 14 13 12 10 9 8 7 6 5 4 3 7 28 27 26 27 26 25 24 23 22 21 20 19 18 17 16 15 14 13 12 11 10 9 8
Case #33: 22 21 17 14 13 9 -1 -1 -1 -1 -1 -1 -1 -1 -1 -1 -1 44 33 31 27 -1 -1 -1 -1 21 16 6 4 71 70 64 53 26 23 27 47 46 28 42 39 35 30 48 48 -1 -1 -1 -1 -1 -1 14 32 29 26 25 23 18 -1 -1 50 63 61 59 -1 -1 -1 -1
Case #34: 49 48 49 47 38 37 32 73 68 61 66 62 58 51 49 48 47 12 11 5 66 74 73 61 77 74 96 80 44 -1 -1 -1 -1 1 21 3 27 42 17 38 32 29 23 47 43 35 63 46 52 36 35 34 -1 -1 -1 -1 -1 -1 -1 46 44 38 37 51 69 67 65 62 99 88 80
Case #35: 8 24 23 17 16 15 14 10 31 33 32 44 39 36 24 23 33 37 36 34 28 27 46 49 46 43 41 39 34 31 30 23 16 12 8 7 6 4 48 46 45 44 43 41 40 38 36 30 28 27 7 28 24 19 18 12 10 9 21 20 17 13 10 9 15 17 17 12 10 6
Case #36: 31 21 57 25 42 38 36 29 24 22 19 12 10 69 46 6 34 31 30 29 46 49
Case #37: 58 57 65 62 61 -1 -1 -1 -1 -1 -1 -1 -1 26 17 12 9 74 72 59 -1 -1 -1 26 47 46 41 31 30 29 22 33 34 33 -1 -1 23 20 16 15 9 8 -1 -1 -1 -1 -1 -1 96 93 92 86 -1 -1 -1 -1 -1 -1 -1 -1 49 46 45 44 42 40 35 49 34 33 -1 -1 -1 -1 -1 7 18 8
Case #38: 7 3 27 28 14 23 9 25 26 27 20 8 27 2 16 11 5 14 31 18 7 4
Case #39: 9 24 21 20 19 17 16 17 18 17 4 20 19 17 15 7
Case #40: 21 17 20 17 22 19 16 13 12 19 15 8 7 6 2 22 18 16 13 10 8 7 5 3 15 14 16 13 12 10 3 23 22 29 30 24 6 8 18 14 22 21 19 14 11 4 3 20 18 17 11 5 6 22 21 19 17 16 11 8 5
Case #41: 20 13 7 6 8 9 16 25 24 21 18 17 16 13 9 24 23 11 24 22 17 16 14 12 6 4 3 3 18 19 21 20 17 26 26 25 24 23 16 15 13 27 24 22 21 19 18 11 28 29 43 36 34 30 32 31 33 32 30 24 23 17 15
Case #42: 28 23 22 21 20 19 18 17 12 26 20 19 16 12 11 10 7 6 5 23 25 23 21 20 18 17 16 15 14 13 12 8 7 6
Case #43: 2 22 21 21 20 19 18 16 15 13 12 11 10 9 8 6 3 14 14 22 21 22 20 18 16 15 14 13 12 10 9 8 6 24 23 25 22 21 20 19 18 17 16 15 14 13 11 10 8 1 14 19 20 19 17 16 15 13 12 11 10 9 8 5 3
Case #44: 7 8 24 26 25 24 22 21 20 17 14 10 30 29 28 27 25 24 20 18 14 13 4 14 24 24 24 18 15 14 11 10 9 7 6 5 7 23 19 16 15 12 11 10 30 29 51 50 48 42 38 37 36 35 34 32
Case #45: 24 21 9 19 8 18 15 13 7 30 19 15 11 27 23 20 19 16 12 11 10 25 25 24 22 11 11 22 32 27 20 15 14 10 29 28 26 16 13 11 41 35 31 30 27 26 35 30 29 24 23 17 7 10 9
Case #46: 9 19 16 6 25 17 13 12 11 10 44 42 39 30 33 42 41 37 34 27 23 18 41 36 31 37 35 33 26 25
Case #47: 24 23 25 24 23 22 20 19 18 17 14 13 11 8 5 27 27 26 25 24 19 18 17 16 15 14 12 11 10 7 6 16 25 30 28 27 26 25 24 23 22 21 20 16 15 14 12 11
Case #48: 14 8 43 36 33 24 41 32 25 41 27 25 19 24 25 22 18 9 17 27 20 17 29 41 27 45 35
Case #49: -1 -1 -1 -1 -1 -1 -1 -1 -1 -1 -1 -1 -1 -1 -1 -1 -1 -1 -1 -1 -1 -1 -1 -1 -1 -1 -1 -1 -1 -1 -1 -1 -1 -1 -1 -1 -1 -1 -1 -1 -1 -1 -1 -1 -1 -1 -1 -1 -1 -1
Case #50: 14 14 3 26 21 19 6 27 3 22 24 13 14 26 23 20 8 4 23 21 20 6
Case #51: 27 -1 -1 19 58 57 97 90 85 11 47 -1 29 49 33 31 56 58 60 72 54 52 -1 -1 -1
Case #52: 20 17 15 14 11 10 8 21 21 19 16 15 14 10 4 22 21 14 9 23 22 21 23 17 14 8 19 21 23 22 19 18 12 10 9 8 4 23 22 17 10 10 11 22 21 19 16 11 9 8 7 6 16 16 12 4 22 20 16 15 12 10 8 7 22 22 20 15 11 6 2 24 22 20 15 9 6 5 20 17 16 15 13 12 10 5 7 23 17 14 12 8
Case #53: 26 37 33 28 25 32 43 41 26 23 21 15 12 4 6 19 18 14 13 24 23 22 20 17 13 12 28 27 37 46 42 34 32 31 36 27 30 42 42 39 30 12 25 11 28 42 40 36 30
Case #54: 32 44 52 51 44 35 34 46 44 43 40 32 24 16 9 8 4 57 42 64 55 53 25 39 34 70 56 26 43
Case #55: 47 45 34 47 38 36 42 37 19 44 48 18 45 36 35 33 27 26
Case #56: 4 25 24 21 19 18 16 15 14 12 11 9 7
Case #57: 17 16 10 6 5 2 26 25 24 32 25 20 17 44 39 36 33 32 28 27 25 24 20 19 18 13 10 28 27 26 46 35 31 20 27 38 36 35 33 32 24 23 21 29 43 40 37 36 13 24 20 19 15 12 29 50 47 39 31 27 25 41 40 36 35 33 30
Case #58: 43 49 61 45 51 50 45 37 70 56 6 22 17 13 20 3 27 43 42 31 29 47 46 47 46 43 37 36 35 32 32 49 36 33 45 37 36 35 48 46 36 33 23 38 26 45 46 42 34 30 28 34 32 43 36 34 50 48 42 41 35 8 27 26 25 20 17 16 9
Case #59: 18 6 12 21 20 19 18 5 38 44 37 33 31 26 50 55 50 40 27 34 24 43 41 35 5 26 26 33 44 43 43 38 31 31 47 43 39 46 37 30 35 27 18 6 44 32 27 25 15
Case #60: 41 29 18 13 11 28 23 20 14 11 44 28 28 35 33 32 11 43 39 16 30 26 23 46 43 38 6 9 47 46 44 42 34 25 44 36 34 29 27 44 42 39 64 54 50 49 65 62 22 18 15 48 42 34 9 26 27 21 15
Case #61: 28 23 21 20 27 29 30 29 38 37 36 34 33 32 31 28 45 44 42 37 30 22 20 16 15 14 10 23 30 41 38 30 27 25 27 31 32 34 31 39 33 24 23 22 24 20 17 9 8 27 25 26 16 13 16 7 6 11 19 11 3 26 32 27 25 24 21 20 31 40 36 32 31 27 26 18 16 15 20 27 30 29 25 23 21 21 20 17 6 5
Case #62: 91 24 22 18 40 7 39 46 45 14 30 29 39 36 35 32 31 25 23 57 -1 -1 45 44 39 38 43 37 32 7 27 26 26
Case #63: 24 25 24 23 21 17 16 15 13 9 8 6 9 21 23 26 25 28 27 26 25 22 21 20 19 18 17 14 12 10 16 24 27 26 28 27 25 24 23 22 21 20 19 18 17 16 15 13 12 11 29 27 26 26 23 22 21 20 18 16 14 12 10 9 10 26 25 28 27 26 25 25 24 21 20 19 18 17 16 15 14 13 11 5 20 22 22 21 19 18 17 16 15 14 13 12 11 9 8 7
Case #64: 71 66 65 60 59 4 21 22 21 17 16 79 93 92 91 82 80 -1 -1 -1 -1 55 67 66 62 59 25 23 19 -1 -1 -1 -1 -1 -1 -1 -1 -1 -1 -1 -1 -1 74 89 87 83 78 77 62 61 57 56 47 64 63 59 58 56 77 99 98 96 84 -1 -1 -1 -1 -1 26 48 45 43 41 33 32 30
Case #65: -1 -1 -1 -1 -1 -1 -1 -1 -1 -1 -1 -1 -1 -1 -1 -1 32 52 40 39 37 8 29 29 28 25 22 18 17 16 -1 -1 -1 -1 -1 -1 -1 -1 -1 -1 -1 -1 11 29 27 23 20 18 15 13 9 54 51 50 47 46 43 41 37 35 34 -1 -1 -1 -1 -1 -1 -1 -1 34 32 53 50 49 48 47 45 38 36 15 13 9 8 7 4 4 24 22 19 10 5 77 75 72 69 60
Case #66: 3 15 21 20 19 21 20 19 18 16 15 12 11 6 5 4 24 23 21 20 19 18 17 13 12 11 10 9 7 6 5 7 9 15 23 25 22 21 20 19 16 14 11 10 8 1 1 22 21 20 19 15 14 13 12 11 10 9 8 5
Case #67: 21 23 9 45 41 40 50 59 58 67 60 26 46 56 45 6 54 2 43 25 40 39 25
Case #68: 23 16 15 12 21 9 22 10 9 27 19 13 9 17 14
Case #69: 9 23 19 18 15 13 10 7 6 15 22 16 14 9 12 25 22 21 12
Case #70: 10 28 24 23 18 15 14 9 25 24 25 19 18 17 16 15 2 18 20 19 18 17 16 15 9 7
Case #71: 43 26 30 13 12 21 8 28 42 29 29 46 49 50 37 29 27 34 31 45 32 18
Case #72: 15 23 11 29 28 28 27 23 22 31 14 4 20 17 27 42 12 29 11 4 19 15 10 9 14 8 33
Case #73: 6 22 22 12 8 18 26 24 19 17 15 26 23 15 25 17 15 13 23 23 19 17 23 20 24 23 26 4 12 5 12 12 21 7 21 14 11 8
Case #74: 18 1 9 16 -1 -1 16 10 7 2 24 23 22 22 9 5 2 16 10 22 7 14 22 11
Case #75: 5 13 20 23 23 22 20 19 18 17 15 14 13 12 11 10 9 7 6 2 23 22 21 19 17 15 13 11 10 9 6 5 4 9 24 23 30 29 27 26 25 24 23 21 20 18 17 16 15 14 12 10
Case #76: 32 24 22 18 16 11 25 13 12 22 25 44 43 36 26 26 13 8 7 13 24 19 36 29 26 22 19 12 9 25 44 40 38 32 29 28 27 32 46 41 34 13 8 29 36 43 29 21 39 37 32 27 10 28 19 16 34 49 47
Case #77: 26 43 45 39 38 36 30 25 24 28 43 42 37 36 30 29 26 24 46 42 34 31 30 28 46 37 35 34 28 27 21 20 19 18 8 5 3 25 24 25 18 15 10 9 7 6 6 23 19 18 17 11 8 7 8 25 26 21 20 17 14 12 11 26 24 25 45 37 35 34 30 29 27 41 40 46 52 60 54 52 49 48 47 44 43 31 40 37 32 30
Case #78: 18 17 15 13 12 17 25 24 24 20 16 15 12 21 17 13 8
Case #79: 23 21 20 16 8 19 14 13 12 9 15 25 23 18 16 22 14 12 10 6 4 20 15 17 12 7 21 14 11 9 20 19
Case #80: 3 4 23 22 21 19 18 12 11 10 9 7 6 5 4
Case #81: 15 32 18 16 27 17 13 10 12 5 22 20 12 29 46 44 43 19 23 14 9 2 40 27 8 23 20 13 11 32 42 33 26 6 19 22 21 18 10 34 33 28 31 27 22 15 11 15 11 10 8 16 14 13 30 46 46 38 29 28 21 24 24 21 18 33 30
Case #82: 25 23 38 10 19 15 40 24 21 26 32 16 40 35 34 23 23 23
Case #83: 18 14 11 20 19 22 24 20 14 35 27 28 27 18 15 10 36 30 24 10 8 4 22 21 7 24 17 13
Case #84: 6 10 23 24 23 24 23 21 19 15 14 13 11 9 8 1 8 12 19 19 18 17 14 13 12 11 7 6 5 4 7 15 25 27 26 25 24 23 23 21 20 19 18 17 16 14 13 12 11 10 8 2 2 12 18 21 19 18 14 13 12 10 9 8 7 6 5 4 3 23 25 27 28 26 39 38 37 36 35 34 33 32 31 28 26
Case #85: 7 18 26 64 37 51 38 26 23 26 3 13 10 28 31 32 28 36 36 48 32 3 2
Case #86: 25 28 24 22 21 17 14 11 10 25 25 25 25 17 13 9 8 25 18 17 13 8 15 26 27 23 18 16 15 9 13 9 27 20 17 10 23 19 15 14 12 6 4 13 12 15 11 10 7 5 3 13 22 20 19 17 8
Case #87: -1 -1 -1 -1 -1 -1 -1 -1 -1 -1 -1 -1 -1 -1 -1 20 12 10 6 -1 -1 -1 -1 -1 -1 -1 -1 -1 -1 -1 -1 -1 -1 -1 -1 -1 -1 -1 -1 -1 -1 -1 -1 -1 -1 -1 -1 -1 -1 -1 -1 -1 -1 -1 -1 -1 -1 -1 -1 -1 -1 -1 -1 -1 -1 -1 -1 -1 -1 -1 -1 -1 -1 -1 -1 -1 -1 -1 -1 -1 -1 -1 -1 -1 -1 -1 -1 -1 -1 -1 -1 50 45 44 -1 -1 -1 -1 -1
Case #88: 23 27 26 25 24 23 17 16 11 10 26 25 22 21 19 12 11 10 9 6 12 16 15 12 8 6
Case #89: 20 20 19 19 16 15 14 13 12 11 10 9 8 7 5 8 27 28 28 27 26 24 22 21 19 18 17 16 14 11 9 10 23 27 24 23 21 20 19 18 16 15 14 12 10
Case #90: 46 45 36 44 36 32 73 49 66 66 62 15 14 10 58 55 18 16 66 60
Case #91: 26 21 19 14 24 17 15 2 2 4 3 34 15 11 13 9
Case #92: 11 29 28 27 26 21 19 18 16 12 11 23 27 23 15 14 3 2 18 24 23 21 20 15 14 10 9 4
Case #93: 13 29 30 29 28 25 24 23 22 21 18 15 14 6 18 23 21 18 13 12 10 8 7 25 26 25 24 21 20 16 15 14 1 12 22 21 18 16 15 13 11 7 6 29 30 26 23 21 20 19 17 14 12
Case #94: 20 15 14 32 23 12 13 12 23 30 28 23 19 16 8
Case #95: 20 24 22 18 16 13 10 22 19 24 16 11 10 21 23 21 14 3 22 20 19 18 17 14 11 4 1 6 17 9 7 6 4 3 25 23 20 15 13 24 35 34 17 25 20 13 11 5 33 29 24 12 22 20 18 15 35 31 27 25
Case #96: 2 16 12 11 9 2 19 13 12 10 9 5 3 6 6 23 24 21 20 18 16 11 10 8
Case #97: 1 3 13 18 17 16 15 16 17 16 15 14 13 12 11 10 7 6 5 4 3 2 2 20 20 22 21 20 19 18 17 16 15 14 13 12 11 10 9 8 7 6 5 4 3 9 22 23 23 22 21 20 19 25 24 23 22 21 19 18 17 15 14 13 12 11 8 20 23 22 21 20 19 18 24 23 22 21 19 18 17 15 14 13 12 11 10 9
Case #98: 3 22 19 21 19 12 9 4 5 12 8 7 8 5 4 6 22 36 29 40 39 39 38 37 31 30 26 20 4 21 12 6 25 7 15 1 13 7 2 18 22 10
Case #99: 73 70 67 66 65 53 51 48 46 45 44 40 39 22 18 16 15 13 8 56 51 41 25 24 21 12 23 42 37 32 26 26 21 17 12 26 43 41 38 34 12 25 13 48 44 33 44 37 35
Case #100: 45 38 36 32 31 37 38 36 30 29 27 -1 -1 -1 -1 -1 -1 -1 -1 -1 -1 -1 -1 -1 -1 -1 -1 -1 -1 -1 -1 -1 -1 -1 -1 -1 -1 48 68 65 56 53 49 36 35 33 29 28 27 22 20 17 -1 -1 -1 -1 -1 6 24 20 11 7 21 21 4 -1 -1 -1 -1 -1 46 40 39 36 29 30 -1 -1 -1 24 23 27 41 32 30 25 23 22 -1 -1 -1 -1 -1 -1 -1 -1
